14	0
3	40
136	11
125	0
200	713
40	14
406	35
799	254
501	441
160	16
531	776
0	282
509	22
563	0
65	2
681	312
0	781
405	132
449	375
44	102
662	73
687	723
508	252
16	773
313	0
98	285
80	34
254	941
594	149
709	344
378	46
440	695
406	98
765	191
500	61
18	159
125	348
13	32
49	750
266	5
500	501
0	171
454	278
11	49
3	102
753	179
200	658
86	158
323	769
946	219
211	205
0	75
545	751
168	798
63	0
38	375
0	759
646	972
254	15
63	139
882	576
777	798
43	656
492	309
203	4
800	12
582	23
7	879
565	56
2	530
751	63
646	502
672	141
160	752
533	691
507	399
445	703
892	662
948	753
53	568
157	571
953	627
119	559
594	63
642	42
328	367
23	252
80	563
252	79
344	40
270	13
562	274
65	191
78	517
703	252
581	49
0	494
55	106
424	812
883	219
565	314
40	256
127	253
71	440
157	21
2	869
189	886
32	377
0	42
646	502
0	74
0	67
298	812
586	406
519	662
625	563
289	886
289	625
402	125
535	12
252	0
753	572
91	67
367	250
270	250
149	147
562	300
879	17
580	125
286	307
132	783
707	63
750	113
331	129
240	12
158	339
502	264
824	612
52	525
18	410
188	642
383	363
159	790
875	63
315	787
508	665
36	63
250	726
139	112
156	266
629	141
648	41
500	260
430	24
198	176
502	13
83	605
22	305
43	570
559	256
102	38
72	937
0	502
275	254
111	211
204	1
145	562
63	519
63	188
73	562
141	564
119	533
4	360
22	236
516	253
112	160
231	715
34	502
502	191
5	1
8	418
562	506
532	173
344	264
57	222
2	480
129	596
0	212
753	153
320	596
533	627
267	2
71	35
5	305
47	844
313	462
844	380
789	696
632	255
777	531
157	80
631	72
157	40
750	595
290	344
186	32
0	71
255	129
131	395
26	248
157	376
219	264
252	204
16	555
562	827
2	18
951	184
289	4
673	813
752	587
253	254
576	563
782	512
953	968
719	346
174	139
129	92
945	513
24	24
898	188
633	12
4	172
129	345
634	851
48	95
759	4
582	0
644	259
168	229
63	475
506	170
4	0
48	320
141	644
334	348
102	656
385	48
968	519
193	321
137	38
414	251
559	72
765	782
250	24
880	9
532	157
2	902
79	160
225	317
531	32
510	691
765	68
67	564
886	250
82	375
765	535
71	297
275	253
329	258
688	796
250	110
640	15
16	0
753	641
131	823
875	250
752	55
771	654
531	320
63	996
719	601
8	889
143	67
157	16
125	66
79	25
0	142
392	32
789	227
33	329
25	506
256	547
781	251
375	263
728	572
847	597
520	766
336	375
151	173
188	328
348	814
500	545
88	783
521	277
428	271
12	125
26	332
757	125
322	640
439	505
635	336
196	37
149	270
360	265
30	322
263	189
36	504
258	152
250	250
32	29
127	250
52	26
547	562
751	695
189	506
785	94
72	173
165	203
37	330
281	1
522	937
625	90
735	107
775	642
500	43
693	159
185	609
54	195
507	291
0	814
319	20
564	761
629	5
0	523
438	81
886	812
173	78
379	157
260	601
318	789
151	71
378	275
61	694
501	584
393	169
381	284
754	289
641	98
378	830
516	408
80	79
251	626
674	281
17	125
40	197
198	102
408	161
599	306
229	125
523	72
118	106
293	65
30	345
79	504
916	509
203	271
0	126
325	505
458	777
512	547
64	625
665	300
167	376
536	297
626	752
0	18
237	16
379	545
99	190
504	674
704	40
293	391
877	391
502	550
547	16
914	126
152	387
576	475
196	3
17	520
605	377
112	102
151	601
640	765
8	258
8	192
39	228
752	91
326	47
31	32
350	48
355	644
250	125
82	26
637	15
225	164
727	775
0	48
688	128
377	324
79	380
5	230
9	500
67	0
46	0
656	0
399	688
47	4
949	258
204	195
438	257
250	796
5	40
614	63
201	4
523	110
504	114
189	697
615	160
504	277
250	255
579	878
141	313
443	26
502	278
879	759
17	512
64	548
125	12
387	501
17	155
17	516
386	256
40	313
328	563
608	521
815	276
314	703
386	271
18	44
885	1
258	10
453	629
97	132
71	336
410	517
77	406
189	66
172	4
260	33
34	67
1	418
6	252
188	254
194	142
157	789
126	719
409	268
328	594
30	766
64	17
242	629
375	513
320	111
695	633
627	0
360	86
325	320
40	13
110	396
62	149
5	943
4	755
86	609
52	289
110	504
0	298
255	0
106	102
520	2
877	63
253	20
138	602
188	829
67	94
308	1
869	207
867	502
3	471
501	34
21	252
530	141
217	635
3	636
280	472
822	501
281	648
403	225
657	36
82	505
306	533
66	268
4	451
16	621
64	253
63	786
376	80
45	254
79	797
379	0
258	47
14	423
320	33
158	375
0	125
35	566
199	384
3	538
532	315
506	15
11	24
832	116
555	852
387	501
657	531
406	616
626	364
798	416
393	250
516	5
630	6
875	65
32	860
626	412
132	502
4	505
8	828
531	157
8	126
80	126
649	107
689	76
172	4
50	60
783	39
650	725
331	313
488	500
31	407
128	326
504	1
223	522
104	4
317	100
340	142
38	252
125	158
50	16
86	4
625	256
32	339
876	98
756	160
12	258
456	534
438	629
320	326
368	897
28	354
137	200
320	262
522	453
671	348
9	139
290	127
226	516
255	0
50	136
212	774
537	326
198	67
720	86
530	380
500	297
53	759
568	690
2	317
563	200
200	329
8	292
12	503
941	40
143	80
633	145
2	8
820	879
518	251
36	125
36	11
114	317
357	131
470	255
211	125
813	22
150	694
755	562
692	131
430	11
336	384
764	120
347	110
264	33
538	625
618	24
266	173
657	157
9	297
531	253
130	537
61	237
751	133
568	629
925	69
191	313
315	1
821	291
749	79
267	410
806	609
376	846
646	765
133	103
157	266
19	32
110	634
510	153
172	212
625	168
348	380
63	18
203	160
504	570
570	533
177	503
875	155
137	33
603	508
16	953
871	133
697	9
830	283
11	224
673	8
228	328
689	231
86	79
281	12
578	722
24	537
328	121
266	37
21	345
0	375
726	33
221	225
691	438
202	128
970	25
266	441
211	125
79	579
254	86
795	251
516	251
96	64
719	37
198	56
213	876
467	16
125	841
505	250
687	186
237	316
380	110
894	283
36	164
2	33
145	12
879	658
28	3
562	574
295	78
882	449
69	311
36	392
10	968
539	66
640	16
40	656
313	604
134	908
689	43
37	348
67	511
588	507
141	984
640	502
131	40
791	142
406	256
92	377
751	0
428	65
699	37
579	72
24	67
36	225
377	47
877	699
142	658
621	309
275	896
181	401
32	4
381	462
205	289
765	742
73	127
75	133
320	95
0	568
115	67
24	758
127	80
142	187
129	69
450	13
17	791
14	507
72	884
32	563
939	154
110	388
813	55
40	627
157	8
2	296
5	142
266	282
507	635
0	281
703	666
335	32
594	20
757	529
320	98
77	0
2	352
580	196
141	598
378	434
781	10
486	540
500	349
258	20
781	791
882	564
212	625
5	510
439	632
131	63
1	16
754	719
297	3
533	628
472	49
125	188
500	377
582	504
393	27
750	51
782	843
800	228
2	890
3	190
734	125
244	313
671	503
332	823
37	389
299	157
833	578
192	53
518	635
47	5
541	375
166	1
472	71
192	223
32	513
419	617
626	594
284	291
1	912
563	391
80	104
44	41
652	379
517	51
235	505
8	500
521	192
86	636
765	188
483	1
60	118
75	139
292	65
533	130
48	172
264	64
500	509
510	797
11	4
134	4
95	63
527	628
558	4
262	817
6	276
751	875
8	412
111	501
287	192
500	258
126	78
270	505
78	140
742	315
40	782
522	20
0	24
5	461
170	72
750	115
283	821
667	285
130	266
1	125
96	791
304	193
19	11
515	813
249	139
236	876
188	33
191	562
0	82
438	693
318	53
1	511
112	125
440	851
186	601
173	918
921	479
512	2
1	266
7	72
286	344
134	3
10	588
830	57
567	17
387	90
754	633
9	313
609	407
10	86
64	536
512	406
507	149
530	153
376	516
775	46
548	2
258	0
141	174
4	501
6	648
838	69
742	272
929	40
72	27
12	262
755	16
832	486
71	250
16	750
633	204
503	628
32	358
29	765
336	8
141	875
3	197
789	559
512	43
1	651
626	508
255	8
776	4
816	12
579	49
449	313
128	255
65	706
390	134
875	66
328	613
18	79
227	751
4	209
516	750
14	778
53	69
661	516
269	664
25	391
18	865
252	638
83	117
953	317
298	40
512	145
637	88
683	192
1	715
51	167
379	50
375	641
523	9
68	254
609	601
285	7
636	293
802	12
500	625
145	19
2	759
328	6
531	96
167	79
17	69
287	12
589	582
516	16
367	578
726	19
500	414
333	423
518	506
138	376
548	28
447	548
22	49
387	16
19	69
781	3
274	416
258	26
106	63
250	10
36	179
332	516
278	549
352	32
938	407
266	99
524	24
190	313
125	500
196	406
599	477
830	110
679	687
32	120
690	562
719	131
313	640
753	376
16	813
6	451
127	252
16	843
375	4
24	95
504	4
437	2
277	133
948	252
626	500
80	167
441	131
502	516
625	64
16	64
375	501
766	848
139	274
13	532
5	72
908	159
504	614
18	66
0	100
445	764
63	14
626	379
103	94
98	127
20	462
628	1
420	523
157	200
1	250
63	375
333	586
748	223
254	16
500	378
0	580
64	251
4	110
949	594
285	53
85	37
819	32
752	910
1	632
281	340
629	625
0	192
375	119
892	58
36	823
190	254
86	270
268	317
133	379
656	531
392	65
255	523
5	142
129	196
266	0
607	1
180	505
56	202
380	635
504	228
508	86
346	336
722	87
630	65
0	769
250	500
541	554
876	32
194	750
2	153
9	533
539	470
71	205
451	602
285	406
10	149
62	28
576	162
145	585
251	519
402	79
126	73
15	94
8	256
446	173
773	142
324	679
58	9
47	128
570	862
845	882
318	0
204	297
750	160
621	533
500	814
886	601
40	315
1	281
1	564
21	283
765	267
911	579
541	305
506	1
523	49
68	137
250	163
510	9
64	252
806	317
191	69
66	648
16	290
54	125
327	266
461	788
559	2
516	659
319	63
72	63
158	142
441	6
154	357
777	612
501	180
510	876
101	376
767	750
886	532
877	631
41	298
524	722
830	409
544	29
110	391
2	379
188	500
503	37
102	172
130	687
440	178
561	503
355	460
6	625
413	576
16	201
316	719
6	887
758	18
500	79
313	500
304	912
0	200
310	346
40	332
313	14
516	158
886	430
28	262
133	754
52	763
500	47
260	27
123	640
253	9
7	441
550	206
157	225
145	830
141	40
33	17
8	457
360	843
340	8
562	57
320	593
30	383
500	17
315	25
69	20
40	0
889	227
696	765
50	34
297	528
534	402
252	526
159	734
438	511
719	501
396	67
24	4
2	276
9	531
223	86
36	126
194	135
40	184
609	438
758	0
204	565
500	86
158	523
0	647
688	157
274	586
32	143
5	0
112	47
516	250
0	672
635	270
648	32
83	690
33	404
131	6
251	254
570	318
73	146
65	2
14	254
937	752
16	0
17	849
409	18
12	10
520	734
906	77
848	369
691	53
391	7
262	774
151	613
204	759
129	968
798	572
32	391
500	133
398	828
0	765
268	512
40	29
5	972
520	82
321	256
16	129
250	1
197	927
329	503
280	271
960	449
329	516
49	517
898	793
150	157
233	71
306	117
547	266
136	203
360	606
375	317
281	38
219	182
94	406
535	828
832	10
565	34
212	72
8	385
816	504
229	141
781	266
118	375
16	518
377	506
322	379
1	174
830	237
125	129
125	74
32	326
252	72
626	270
28	99
922	720
250	80
192	509
758	879
568	2
2	125
223	6
8	441
881	6
42	752
276	693
565	540
141	192
502	562
256	79
36	516
162	5
629	47
315	75
26	149
25	125
625	508
78	283
103	48
576	146
291	125
281	188
79	627
539	320
287	502
188	389
67	135
144	114
17	625
133	125
539	291
380	47
6	551
771	250
6	657
262	664
184	625
834	635
135	12
40	574
592	703
315	626
32	828
281	64
73	40
19	40
75	563
67	578
41	285
406	563
516	16
500	886
203	536
629	541
159	273
212	524
256	43
564	6
4	8
634	535
676	18
524	507
293	67
547	2
55	368
883	888
440	8
153	484
34	141
569	793
512	268
619	65
783	250
383	261
564	45
4	783
172	112
765	625
6	192
302	0
501	3
329	876
25	485
258	34
151	937
234	412
127	631
945	40
406	314
289	297
274	577
9	852
282	160
12	877
753	568
625	135
479	158
77	12
776	138
518	26
188	448
656	102
36	129
285	174
761	22
258	504
538	15
71	5
144	276
400	8
182	32
67	159
207	900
347	305
667	158
64	552
344	882
7	4
131	783
293	356
375	297
395	406
8	6
353	562
532	40
194	73
906	10
509	12
25	109
341	322
781	757
127	635
532	55
71	2
282	293
32	279
316	8
875	1
159	88
129	645
74	545
13	540
142	953
454	75
112	548
379	578
15	4
29	510
525	142
662	4
3	26
192	719
86	63
252	642
656	634
8	166
79	144
129	863
1	36
114	83
92	540
2	141
4	63
317	17
630	501
412	82
385	180
282	36
453	642
812	378
570	129
384	890
94	20
127	33
131	376
16	82
0	47
47	313
274	516
189	594
666	322
676	26
669	26
267	4
510	294
890	153
777	125
10	203
599	894
375	94
654	563
513	396
439	594
48	391
253	455
69	937
442	529
64	861
535	639
693	751
94	339
262	627
781	352
399	766
126	937
94	164
165	781
5	642
41	168
484	297
102	564
318	16
24	503
201	138
626	553
0	828
281	519
2	629
752	254
47	203
124	189
820	360
875	964
254	580
66	276
266	79
633	110
21	220
505	225
133	596
88	16
533	6
16	441
629	391
82	278
503	335
8	282
641	529
832	267
51	500
442	840
144	288
42	2
632	799
272	133
169	111
129	375
268	190
208	287
129	585
542	283
650	519
8	540
513	536
500	505
137	438
625	142
859	800
236	799
415	0
269	820
25	38
762	75
282	414
531	610
101	33
64	111
502	157
121	37
289	719
328	626
535	40
125	51
775	67
76	609
42	47
843	33
19	10
82	318
424	5
63	328
531	579
125	270
474	34
22	388
650	4
207	233
164	250
637	949
97	384
440	48
53	40
84	48
24	196
819	322
75	2
65	94
471	375
251	193
4	336
383	353
250	510
594	638
492	19
193	791
918	223
20	255
120	550
475	660
128	281
162	262
680	126
0	1
524	376
317	287
362	345
212	126
281	72
285	161
63	284
303	583
516	347
97	449
102	443
666	200
172	250
131	974
423	500
354	660
203	578
19	920
150	506
55	16
639	258
133	110
752	631
63	556
86	129
169	67
914	634
71	438
867	344
16	765
11	79
879	293
20	215
426	883
15	48
687	147
63	127
275	293
13	266
395	35
198	251
441	6
86	0
16	783
763	782
906	876
368	34
890	106
89	537
32	67
759	29
205	521
736	18
375	192
393	781
378	755
313	509
291	72
843	523
666	388
206	250
315	543
383	258
2	51
200	258
32	157
191	334
407	471
129	625
375	321
268	64
500	94
38	1
758	759
505	565
384	145
502	502
19	267
8	40
377	77
3	181
955	106
10	51
619	0
562	297
196	220
63	767
219	4
0	67
510	132
639	63
118	205
890	193
70	251
344	414
33	3
820	504
828	8
389	885
66	508
332	331
37	18
506	629
4	297
445	192
254	198
801	759
441	0
267	688
816	625
392	17
82	4
881	580
0	250
6	504
201	753
222	266
307	207
2	564
376	250
609	33
377	329
275	32
141	527
137	164
500	153
188	923
126	137
63	709
313	67
6	539
500	78
289	752
508	531
1	397
274	592
1	691
133	320
160	63
643	5
38	510
224	884
40	391
55	95
8	519
234	279
400	548
519	789
16	844
754	780
64	816
170	723
750	376
151	911
377	400
644	512
521	482
283	645
141	600
843	438
15	67
758	141
972	609
2	657
207	4
23	160
121	8
130	0
438	18
33	361
536	22
674	32
8	317
250	791
33	750
381	12
41	734
196	71
379	579
18	508
719	4
69	328
0	26
547	42
463	254
129	329
501	536
17	487
634	299
188	424
954	47
164	270
71	38
676	237
812	47
206	500
130	612
121	908
514	287
527	709
283	582
381	625
207	890
503	127
942	85
43	512
12	818
512	301
446	926
266	127
469	292
512	41
150	161
580	505
913	233
262	807
141	8
94	223
32	14
846	0
598	254
699	534
197	529
401	583
149	609
255	789
266	14
33	203
408	250
79	506
0	125
173	32
79	90
333	332
911	723
255	753
317	65
878	313
256	418
50	668
15	502
47	520
503	160
544	0
500	505
167	4
785	197
10	537
49	8
126	251
1	220
527	321
798	5
377	268
86	500
133	377
360	696
440	142
501	346
598	741
244	120
281	510
515	173
642	161
5	258
16	529
110	254
769	660
294	982
524	773
377	161
196	566
32	136
102	970
103	165
711	562
664	213
508	500
237	5
782	625
219	204
5	687
806	70
1	77
182	727
573	0
1	28
157	594
142	141
44	67
4	145
16	2
965	63
955	28
514	51
428	933
40	196
188	771
125	847
299	160
129	803
627	891
18	157
625	225
504	126
410	134
99	516
334	324
83	407
250	126
332	702
52	966
313	755
692	33
320	344
287	816
789	250
219	430
80	250
500	4
291	297
697	250
28	0
387	516
727	266
20	173
126	17
687	854
320	84
366	531
272	484
424	72
315	149
25	141
40	918
16	906
875	52
2	750
286	574
161	328
400	260
261	16
315	375
736	32
63	514
728	304
134	772
531	151
4	318
12	82
63	13
879	559
11	284
221	890
761	692
876	565
387	125
159	0
516	131
504	0
73	16
79	485
665	21
257	125
64	1
687	570
170	191
758	33
676	571
105	129
502	0
0	168
8	306
531	597
523	3
643	271
433	532
0	16
47	24
516	79
64	256
149	254
145	250
160	607
501	204
889	279
12	270
88	87
307	516
221	637
66	544
17	657
253	1
418	563
8	201
319	102
453	410
250	138
281	69
609	539
20	192
131	2
281	165
406	773
129	90
9	67
47	548
853	759
17	293
754	16
261	543
580	77
71	363
384	47
469	575
184	535
24	281
40	50
640	527
315	0
549	27
224	828
111	67
8	515
352	197
389	651
662	40
189	577
514	750
83	134
20	441
566	520
689	274
304	273
370	104
833	34
260	34
314	514
34	577
554	357
386	781
99	209
80	56
257	887
157	313
523	360
191	375
889	546
48	600
504	849
579	578
76	20
164	175
9	781
228	34
21	3
16	181
819	63
541	375
797	131
144	71
945	33
267	474
884	66
0	361
715	750
531	260
500	387
816	770
2	411
517	532
758	555
313	291
782	539
251	531
640	87
864	500
500	823
635	942
628	34
3	510
17	576
47	352
651	300
90	121
536	418
270	0
539	787
330	765
48	299
71	33
4	152
188	562
82	315
562	251
266	141
383	313
217	317
335	32
579	134
12	584
507	960
879	503
579	188
656	502
0	133
0	652
782	40
0	699
519	368
129	38
346	28
158	395
484	44
32	213
403	85
21	651
594	380
8	73
176	96
3	268
79	72
250	775
571	627
679	28
8	504
271	629
9	141
273	23
660	205
40	0
303	64
64	141
342	266
159	15
188	322
158	960
688	8
501	348
0	628
758	652
250	818
4	137
356	269
7	868
594	283
627	829
625	40
274	266
98	406
10	604
753	125
274	371
24	806
875	360
509	39
356	292
95	16
539	233
160	530
200	35
955	20
65	252
937	660
251	441
588	125
797	21
79	443
71	18
77	812
128	439
314	617
89	687
801	916
28	759
18	206
20	859
455	250
258	820
259	893
55	133
510	505
879	166
133	531
252	164
160	829
672	158
313	23
44	106
63	6
49	602
259	79
500	907
628	937
270	640
13	172
203	427
6	254
567	12
519	799
270	812
454	0
198	282
0	45
752	408
643	24
480	637
141	752
502	266
79	0
383	159
582	129
194	190
360	68
0	10
205	806
434	342
344	76
676	150
196	625
270	174
339	165
676	36
0	524
63	959
18	658
726	63
8	119
111	529
79	503
281	0
40	282
502	125
667	24
609	663
391	133
8	94
69	531
765	535
55	22
0	166
576	286
252	375
758	517
375	887
157	33
263	98
500	42
970	160
3	500
12	534
190	352
522	283
391	599
158	281
509	638
67	20
517	276
567	90
798	324
129	695
63	34
37	250
250	229
551	367
562	227
125	98
533	565
21	164
595	190
267	283
10	112
324	629
823	824
334	250
104	63
531	514
281	822
400	254
11	3
876	965
633	71
500	479
306	633
0	0
706	501
759	94
881	812
132	125
640	500
532	687
789	0
625	594
297	570
58	266
276	0
385	394
514	877
18	263
9	524
304	581
257	253
26	248
64	820
438	347
39	144
263	159
533	67
3	2
564	6
703	875
605	454
765	6
773	786
628	953
882	853
125	758
352	145
95	712
250	126
210	821
457	502
508	345
559	403
320	98
24	38
840	578
518	126
812	250
125	270
420	340
680	26
799	712
750	535
522	750
223	570
267	752
333	274
514	509
72	674
1	220
527	138
49	258
159	144
329	539
252	506
297	6
679	816
41	502
118	510
203	251
79	102
10	73
25	617
51	305
63	66
252	510
1	204
555	399
291	636
9	790
104	513
395	162
254	126
0	133
1	324
648	504
473	668
633	503
24	720
107	336
31	32
761	20
822	883
14	408
459	391
470	393
719	16
347	759
385	387
518	172
32	16
313	502
539	7
562	94
522	125
504	175
256	643
219	64
20	38
271	252
510	628
80	882
510	1
137	625
500	524
829	295
587	250
41	256
75	640
33	535
551	331
395	682
324	141
548	695
72	41
198	791
274	563
640	775
129	18
387	383
625	820
689	168
627	2
37	141
336	141
40	13
819	131
250	328
2	81
853	0
812	41
96	376
444	897
330	316
283	603
703	55
4	422
442	19
625	167
1	570
189	632
599	800
545	324
4	16
377	20
301	843
34	67
250	409
285	261
2	625
129	386
133	126
332	921
660	395
507	719
533	289
532	63
252	12
252	533
370	448
383	270
21	69
556	10
1	11
44	879
765	3
257	481
80	0
8	532
738	0
250	408
2	32
97	410
103	505
400	531
64	139
69	427
0	361
37	501
563	79
570	661
69	484
734	29
24	639
9	138
14	417
136	752
32	216
2	882
579	73
630	2
219	819
180	325
621	266
314	342
14	186
540	16
113	728
994	2
48	125
257	588
654	5
172	201
8	505
769	153
25	502
250	534
314	853
36	125
683	470
563	751
36	625
64	67
63	37
753	118
566	42
140	13
643	295
519	691
133	17
126	590
713	515
575	250
656	640
315	10
566	375
134	777
65	595
0	329
770	384
543	426
270	268
10	0
33	67
14	101
32	453
35	626
562	344
52	159
672	266
962	394
0	51
26	344
386	656
40	313
236	192
344	158
110	631
16	129
156	656
824	406
640	625
4	145
503	32
52	64
129	11
400	264
750	40
745	64
66	287
660	303
155	125
752	2
516	885
157	571
703	157
2	500
315	504
32	134
900	29
985	578
829	167
502	57
562	258
51	12
393	556
426	24
324	190
66	30
36	160
566	256
830	94
59	531
94	517
142	20
98	550
573	16
521	0
801	65
344	8
387	40
503	512
0	11
502	291
268	12
6	539
683	267
145	769
5	209
818	62
209	250
71	566
914	142
330	216
582	567
798	704
125	547
258	126
381	32
51	144
160	251
843	581
376	737
568	6
168	502
260	63
57	627
285	510
672	83
529	43
528	400
780	265
29	196
30	378
512	129
689	375
453	159
82	270
120	20
9	14
759	56
222	875
24	508
125	898
254	639
707	664
168	40
2	253
0	12
769	751
911	876
313	8
267	313
704	14
535	253
344	24
652	86
447	18
64	514
519	190
72	652
330	157
11	400
8	40
687	194
414	65
829	875
283	88
742	196
793	196
18	146
17	158
63	663
0	563
0	804
298	55
953	87
154	192
53	324
48	644
575	314
720	199
26	20
398	974
331	824
127	313
791	758
623	510
150	598
250	651
172	73
812	527
77	103
144	316
330	657
18	440
246	131
574	60
278	12
176	88
21	500
128	40
144	812
506	274
317	906
79	250
2	1
49	844
51	394
96	549
65	220
968	4
18	147
157	84
5	73
511	141
329	545
102	40
843	146
126	471
63	202
762	157
3	10
457	683
145	562
283	512
504	48
20	629
189	34
579	395
10	814
632	287
322	828
131	51
300	82
125	1
648	65
270	565
36	137
193	751
271	13
626	641
258	8
765	102
65	4
164	250
164	176
695	906
259	67
35	32
329	313
0	674
4	589
255	0
27	523
149	688
269	251
968	18
506	146
379	696
0	703
206	516
51	625
141	580
193	763
790	580
67	68
937	525
66	519
157	618
34	325
18	758
524	8
192	11
792	453
251	72
96	65
508	578
0	40
0	510
203	65
438	516
314	378
393	781
720	543
315	20
392	604
32	656
531	136
141	32
399	506
687	993
769	14
705	0
260	256
133	879
500	439
939	739
32	666
724	838
626	94
195	141
908	48
84	10
129	703
254	527
99	302
11	875
28	8
128	285
281	17
20	383
150	290
603	250
268	527
526	251
264	654
131	308
83	585
584	72
320	73
17	875
191	375
193	344
149	75
6	381
922	759
47	424
281	342
8	277
797	40
2	21
391	594
504	128
521	196
353	174
17	24
252	250
64	761
758	328
812	797
111	565
6	626
320	505
899	282
79	278
250	453
559	67
783	94
4	32
516	875
50	4
289	673
886	8
800	755
18	106
4	636
2	18
546	516
257	601
403	500
599	626
250	750
664	504
513	1
255	264
563	562
627	131
16	129
384	102
219	884
95	71
16	281
32	157
523	98
553	261
781	591
642	567
1	127
314	875
611	611
422	270
797	82
582	345
188	79
269	76
0	641
55	518
174	34
289	645
37	672
24	65
566	20
0	513
16	315
385	313
647	12
538	570
313	799
313	765
900	2
255	609
208	54
9	254
656	27
281	752
192	626
386	463
694	336
751	755
11	652
252	688
505	518
10	879
265	469
271	377
753	281
48	946
804	271
4	205
928	24
143	2
278	48
111	8
0	508
4	596
28	175
24	1
10	345
377	197
508	754
519	40
545	625
781	5
834	635
989	63
28	514
6	298
380	500
626	110
914	774
332	138
16	142
130	440
8	125
190	531
506	521
512	100
32	67
10	634
353	180
0	36
645	2
644	125
305	24
267	523
255	703
625	65
914	96
757	549
32	157
254	146
250	519
142	268
70	578
37	126
594	470
172	40
570	406
305	250
704	321
94	63
2	28
0	47
502	5
281	133
522	91
207	520
519	69
250	28
111	502
664	120
251	648
412	8
241	149
799	198
285	518
477	4
79	141
563	117
863	387
346	182
137	287
799	79
630	450
968	149
820	259
509	56
867	781
501	0
567	6
150	125
545	131
258	435
188	406
360	627
166	78
290	36
270	886
47	527
196	719
256	524
147	944
196	564
331	9
51	405
722	79
648	720
252	193
828	82
933	209
4	83
849	531
891	68
40	336
662	828
574	722
751	126
65	281
759	134
158	537
750	8
519	48
129	843
502	933
521	3
64	40
375	509
11	375
220	330
489	301
519	93
254	0
329	660
837	380
250	258
314	30
853	126
324	775
299	597
0	843
169	638
79	453
563	251
16	662
921	45
45	689
1	778
98	760
67	448
33	406
876	814
102	252
314	485
329	285
282	497
615	890
753	104
0	501
532	73
317	553
139	40
32	10
40	5
68	29
192	281
2	80
418	532
505	305
503	259
299	609
625	661
751	231
270	514
284	689
166	817
301	161
194	338
18	20
33	616
26	349
875	90
628	256
629	33
162	337
399	25
66	657
125	559
502	369
63	94
16	24
611	1
58	63
8	332
396	88
32	63
9	438
125	687
134	605
32	509
687	11
24	406
393	352
286	459
567	572
125	888
61	766
4	393
567	454
849	141
63	523
86	22
942	149
909	662
3	8
254	440
757	697
21	264
752	297
894	543
56	309
609	220
385	119
40	252
37	330
254	188
38	313
381	360
562	194
0	409
953	334
248	287
594	40
250	371
758	291
506	758
574	26
634	41
282	268
13	64
765	67
323	65
263	267
322	59
252	567
185	249
798	291
67	143
329	133
337	160
284	67
411	200
879	172
627	35
268	254
408	687
53	63
473	672
327	34
40	321
189	800
198	250
40	0
28	0
205	53
250	657
824	519
933	649
228	638
250	70
266	815
875	17
542	375
808	75
17	4
94	301
750	16
48	255
504	0
252	527
24	172
508	565
213	242
0	142
543	9
32	816
66	292
767	709
501	80
172	240
2	47
32	71
1	20
596	595
500	9
35	5
156	289
5	254
101	12
705	287
697	50
284	250
252	957
16	665
125	816
272	8
908	616
531	34
383	538
140	18
83	575
874	32
313	621
0	298
389	250
188	594
125	36
79	27
625	766
141	19
504	12
118	14
16	344
101	126
76	450
252	199
4	37
36	393
403	138
756	754
34	517
595	758
319	264
662	250
791	149
11	13
781	789
250	309
375	13
144	73
67	235
637	323
71	0
129	25
302	168
292	81
33	767
898	160
750	921
523	751
281	547
656	262
328	71
881	752
253	879
32	722
516	368
99	189
329	40
130	73
376	1
3	438
12	937
98	201
67	126
537	469
2	191
267	384
345	652
627	586
12	268
531	500
265	535
629	38
251	64
640	0
68	219
566	878
2	815
11	8
1	69
74	34
138	329
79	583
149	568
157	406
175	758
9	391
785	557
32	32
63	33
454	10
66	142
77	63
8	432
806	63
32	588
51	12
0	12
914	251
160	2
312	1
813	264
457	172
24	264
562	974
250	644
126	108
529	453
856	126
266	16
130	367
535	128
519	32
909	206
164	0
240	158
0	875
813	4
66	2
788	258
209	519
660	9
440	259
66	126
516	439
517	20
320	252
0	239
99	97
532	0
504	48
168	32
296	346
250	226
3	5
63	0
114	6
378	200
524	2
159	68
200	125
504	568
98	508
632	170
53	547
758	26
471	16
274	397
47	514
70	20
448	0
348	890
392	1
629	722
316	300
172	792
637	56
518	2
70	32
1	890
568	128
131	469
48	150
637	644
629	629
200	240
534	700
539	126
0	252
192	9
469	647
503	949
128	507
99	24
24	690
275	377
33	34
253	255
66	508
880	502
890	127
535	562
313	786
543	133
268	242
814	67
30	506
563	540
41	634
82	281
69	816
633	201
506	126
640	64
281	0
366	120
133	111
134	209
500	802
223	316
438	191
767	316
125	264
33	528
271	906
140	524
548	20
188	0
188	54
282	26
570	375
714	3
250	151
566	580
605	47
923	625
308	319
573	79
516	207
125	563
67	33
376	384
533	212
544	229
17	4
172	290
656	762
594	581
1	168
562	16
303	513
564	48
486	13
282	165
201	381
120	264
876	260
68	785
787	254
2	309
17	691
71	626
79	49
8	27
37	631
747	4
363	578
94	125
320	157
53	164
102	765
157	758
629	127
126	259
969	37
12	375
1	299
352	194
102	262
0	399
324	533
86	401
63	20
525	33
2	821
254	777
86	313
667	0
138	542
24	44
158	138
37	438
211	289
313	134
16	720
291	334
7	16
500	22
375	348
531	280
484	438
542	152
192	12
144	613
227	180
8	165
105	896
505	4
44	24
141	375
32	640
474	412
773	662
428	505
140	6
657	804
266	959
67	379
34	819
3	0
160	517
943	45
396	317
0	70
567	0
989	20
4	528
5	79
251	766
381	641
256	250
783	625
536	313
0	523
19	442
510	0
135	5
96	31
37	141
572	15
730	879
188	783
750	26
500	188
76	33
330	986
20	399
344	8
6	968
765	50
644	504
875	657
149	125
151	63
254	562
10	64
27	164
64	453
212	20
268	284
160	171
71	149
501	58
67	360
507	661
324	63
281	719
349	222
256	974
63	79
688	160
158	18
691	386
215	635
381	258
24	66
55	933
17	205
266	344
688	190
594	573
40	516
328	403
36	129
6	301
250	839
751	10
340	539
252	8
259	322
284	94
0	49
795	7
73	281
103	430
448	752
512	221
157	129
816	553
664	4
344	20
727	161
194	285
66	843
0	17
340	408
250	656
283	7
79	519
5	2
9	510
409	254
66	518
763	293
914	506
520	315
327	128
892	204
555	342
145	478
4	10
284	87
122	65
94	762
98	532
922	72
145	26
751	250
95	798
11	250
504	563
835	111
80	175
8	908
159	527
236	135
570	269
705	90
258	129
540	22
129	742
80	355
51	297
126	33
305	224
137	274
0	251
20	641
301	0
0	294
379	503
19	369
2	43
0	783
383	508
16	353
393	799
548	381
578	250
0	36
205	250
71	376
843	5
441	500
871	639
118	659
375	15
264	747
180	18
315	268
138	914
258	164
32	781
141	375
328	887
75	664
440	89
35	256
500	941
174	4
464	406
505	20
510	266
51	114
661	567
143	17
627	109
548	45
531	693
830	271
508	704
267	937
191	98
320	330
229	379
190	157
890	836
316	535
43	256
271	37
392	37
0	35
19	594
80	2
659	85
40	321
828	276
86	315
4	506
98	143
8	59
145	137
219	18
401	791
128	189
508	1
508	133
532	188
5	578
63	3
695	256
5	332
400	514
0	595
314	24
833	84
17	566
131	251
611	850
656	274
590	518
51	281
17	320
281	48
313	196
367	95
542	517
500	83
266	151
129	2
912	317
633	381
108	259
259	1
758	57
529	674
250	145
551	790
894	149
375	789
1	504
125	222
799	250
229	145
539	500
0	0
250	138
184	379
563	287
509	0
572	391
215	158
521	722
31	776
0	198
44	886
517	92
568	301
455	277
268	196
397	9
134	375
582	789
408	126
94	8
67	824
94	266
71	34
142	56
891	320
53	23
348	215
190	13
659	286
313	222
20	125
5	43
399	239
94	251
26	820
22	46
200	103
158	106
267	570
313	16
108	706
766	803
4	664
73	0
752	578
679	691
648	504
160	750
773	578
510	773
189	133
299	588
333	65
637	555
52	147
453	352
313	64
231	283
8	266
8	137
689	394
127	757
640	951
480	100
16	640
525	260
350	469
839	347
4	129
127	141
103	426
360	34
358	282
188	168
111	578
176	527
3	129
885	389
589	8
258	968
571	414
697	139
512	258
812	100
506	63
268	250
63	501
386	321
519	131
153	126
56	886
877	309
545	104
36	759
501	4
162	759
294	509
40	26
24	887
160	63
859	14
814	576
4	8
53	427
16	595
982	755
384	578
539	12
523	289
55	63
48	565
317	912
551	18
779	548
64	336
269	572
571	200
159	266
16	243
75	1
440	565
320	102
500	525
611	894
783	290
558	845
63	117
500	254
508	221
24	180
267	547
964	33
159	256
126	4
578	500
383	18
36	204
648	129
639	73
578	502
387	63
777	64
63	131
284	158
348	274
145	174
235	527
405	761
138	157
843	211
190	114
76	63
88	317
116	0
571	814
38	153
674	40
689	71
375	781
519	391
2	440
72	36
518	308
90	508
80	399
350	599
401	173
79	130
36	287
501	281
250	524
61	542
691	18
190	16
90	556
633	12
177	191
517	17
160	70
56	626
445	648
351	442
469	177
500	333
570	188
118	577
1	697
817	0
2	72
133	16
505	32
625	79
724	317
18	550
12	35
705	648
102	383
2	254
502	145
269	812
262	266
33	544
68	176
250	16
16	519
671	8
69	34
47	313
595	890
4	313
565	518
875	627
97	759
626	21
687	137
625	315
500	503
34	132
792	81
668	20
174	781
769	275
668	519
539	236
192	252
781	127
203	421
219	532
259	562
283	561
792	500
273	47
36	145
51	47
579	360
531	389
99	133
127	511
182	537
307	306
90	126
843	137
85	595
409	6
743	40
531	380
414	69
64	8
261	40
0	750
833	282
516	328
845	24
508	182
94	157
651	629
574	599
688	42
160	560
29	437
845	511
665	536
465	77
18	804
274	634
213	17
293	295
707	170
508	49
820	158
504	14
119	184
644	998
47	438
40	338
664	4
282	588
446	44
208	752
150	765
561	750
258	318
1	625
395	888
250	328
313	596
381	371
200	303
516	500
44	844
200	453
728	132
10	157
14	40
220	375
134	110
617	275
281	880
479	559
519	933
391	8
9	400
90	172
586	623
251	639
4	32
559	155
1	940
2	175
531	30
597	180
189	23
1	22
406	32
0	4
504	364
364	94
386	313
126	543
375	63
17	570
0	579
0	141
734	500
250	18
4	32
825	703
529	252
370	240
13	851
271	507
828	755
286	878
63	627
184	504
876	170
375	3
285	411
63	817
651	516
774	849
824	347
250	126
8	578
155	283
63	69
1	838
98	125
601	12
18	34
457	135
2	1
395	5
844	508
110	159
547	250
544	784
8	48
111	535
98	13
567	270
0	56
806	687
167	9
320	253
129	789
407	626
844	827
32	392
252	158
548	138
503	352
20	678
257	501
131	318
47	594
141	551
98	65
574	293
692	500
37	63
661	892
5	221
23	34
508	258
188	33
342	274
32	505
0	141
72	65
562	368
314	771
581	246
53	191
414	800
672	136
133	203
352	127
280	594
19	269
82	655
268	619
159	721
219	4
383	324
55	812
627	13
17	637
141	68
510	2
281	188
11	693
658	200
157	267
315	96
424	662
827	9
380	722
258	722
547	510
219	8
529	252
442	782
626	637
535	127
139	534
67	827
802	63
924	271
666	752
690	141
508	646
918	627
530	317
539	782
75	587
349	133
625	1
32	717
7	761
252	336
180	32
12	383
886	829
2	266
1	255
750	264
316	21
250	82
571	688
752	251
506	267
53	518
60	19
376	689
16	325
197	625
100	126
562	666
0	609
395	5
4	665
601	219
196	2
756	500
79	383
750	64
408	235
129	289
156	657
314	759
1	322
254	33
533	305
220	67
146	812
256	630
1	504
774	942
580	656
0	627
114	765
125	3
274	56
261	243
290	5
516	194
191	6
134	12
465	601
269	687
61	157
111	63
62	32
877	253
787	326
222	69
642	47
524	6
753	2
29	720
120	214
385	627
32	343
34	165
665	739
586	582
520	761
517	370
40	4
53	20
21	164
449	545
508	611
513	0
835	648
297	242
129	244
360	127
584	946
876	262
83	1
763	724
542	277
504	34
317	282
900	63
92	2
63	621
38	531
531	97
5	127
22	68
565	73
134	781
822	19
254	741
63	414
63	14
689	918
150	314
250	67
896	97
50	8
63	344
176	550
815	769
799	906
875	293
137	40
20	88
240	453
938	197
143	12
393	0
631	11
1	812
919	431
143	539
360	755
188	483
793	562
114	133
565	21
79	808
255	500
644	506
389	547
10	35
730	63
532	84
298	773
707	9
285	17
8	274
503	562
687	453
65	876
965	200
328	367
3	736
562	86
287	24
650	502
24	0
582	8
9	17
156	153
656	320
158	324
13	56
65	7
426	197
438	752
127	696
76	1
80	0
139	831
719	146
322	63
688	558
128	289
254	203
635	750
644	252
306	16
766	543
159	512
766	6
24	632
461	82
563	980
627	651
297	289
369	43
48	163
797	575
508	156
380	150
500	33
189	47
40	166
751	182
9	386
283	783
516	453
16	40
69	579
578	9
0	16
572	742
751	438
64	126
630	58
502	876
1	441
250	627
734	500
997	255
338	941
4	223
196	168
4	47
349	89
523	742
619	63
141	21
664	171
43	143
300	656
781	86
340	568
848	628
159	221
172	149
696	284
516	252
915	76
68	75
268	163
284	6
113	3
253	667
42	270
750	572
13	506
222	254
256	1
759	576
203	24
125	2
750	782
81	141
133	3
644	79
63	16
392	187
814	65
625	875
804	814
327	19
25	5
666	512
585	751
565	128
632	1
88	566
285	859
535	679
23	160
11	625
594	82
996	33
763	415
664	533
267	509
691	923
505	121
17	510
219	524
320	190
531	203
2	886
133	251
689	133
855	272
492	626
596	837
6	562
747	813
524	687
203	658
320	26
890	48
517	44
11	962
540	506
63	145
674	80
666	351
66	278
907	503
9	168
79	518
6	629
531	754
262	47
40	78
254	345
157	1
253	69
103	54
41	141
513	580
161	26
5	40
94	674
578	250
133	141
640	439
2	37
691	254
133	689
481	70
38	93
881	35
652	531
790	599
590	539
38	164
500	617
4	260
16	127
380	125
116	629
120	625
879	20
331	630
149	12
229	77
44	449
393	756
65	621
625	549
172	384
765	322
23	820
10	516
196	571
152	855
797	133
910	134
20	471
159	439
155	626
213	146
259	640
442	408
658	158
648	396
190	220
6	765
951	767
596	262
0	75
250	4
286	562
564	252
282	534
173	914
465	281
581	696
641	79
43	438
8	582
4	571
310	420
626	229
32	17
64	621
570	407
596	529
865	28
0	280
48	253
20	619
63	19
196	830
4	133
0	688
585	519
410	125
4	567
6	133
182	317
188	4
921	71
271	316
55	158
74	752
680	64
689	580
1	281
907	76
539	65
332	36
142	642
0	758
342	19
298	281
594	679
7	76
504	32
687	0
578	318
150	36
504	34
410	126
750	297
270	522
40	159
531	815
579	504
141	984
469	139
250	64
280	266
345	407
516	414
626	634
0	126
222	157
51	4
281	500
549	1
255	250
675	125
33	516
149	545
305	10
785	566
38	758
756	266
363	568
797	140
531	174
760	377
149	797
8	103
387	316
194	79
500	553
253	352
502	387
287	148
555	427
650	14
82	828
355	41
445	519
134	293
752	0
262	100
590	621
514	196
254	200
601	43
69	95
22	320
502	70
339	812
652	350
500	602
132	188
439	242
162	295
705	46
736	376
158	169
8	101
404	283
983	516
47	500
316	18
251	734
292	82
631	49
601	94
836	24
574	214
489	477
164	875
313	253
777	260
125	537
49	52
79	152
321	11
816	906
90	517
38	552
132	253
48	25
257	8
281	543
198	301
165	97
9	51
40	297
106	32
383	262
125	2
771	254
411	313
48	16
8	750
775	250
608	730
420	231
267	67
125	76
413	480
67	262
250	157
563	256
91	32
58	75
127	69
877	252
64	643
289	500
192	420
512	531
298	502
167	40
313	769
126	8
397	907
469	67
29	24
1	106
219	326
656	626
6	126
831	14
16	68
17	949
569	41
160	501
938	328
168	375
933	799
12	502
761	2
674	94
423	227
557	5
94	7
41	132
568	631
707	367
18	47
315	211
603	33
3	500
256	817
832	302
188	719
76	751
640	820
263	237
102	7
137	98
812	203
150	551
326	302
440	567
689	2
439	320
765	67
536	40
973	17
343	422
539	645
830	576
728	142
158	276
523	105
254	174
342	67
34	576
16	286
203	132
313	596
268	173
0	572
775	672
697	406
0	35
625	113
190	100
955	570
111	281
501	816
125	1
516	9
12	66
550	301
519	525
177	540
0	252
215	160
189	347
127	168
983	131
504	328
137	407
679	633
19	71
39	7
9	408
96	320
879	96
4	534
378	910
229	72
492	113
266	563
509	145
575	285
320	127
65	0
80	2
332	40
10	775
212	94
410	143
424	2
134	134
752	541
141	89
622	146
270	344
1	384
570	519
572	23
425	157
989	695
578	503
129	64
16	94
910	394
20	45
149	921
688	916
529	954
134	313
40	519
235	80
559	24
882	152
129	71
957	40
32	203
32	707
812	583
134	126
0	9
533	8
687	610
3	324
1	695
136	125
785	196
157	777
562	876
551	501
750	176
387	504
205	5
329	910
67	759
40	362
696	720
216	297
759	783
408	392
949	269
501	24
440	229
886	283
473	131
761	47
281	188
160	501
75	38
141	55
298	313
4	251
250	262
631	313
512	890
172	598
784	0
157	125
753	5
625	0
504	30
33	133
673	219
205	339
65	503
558	504
8	29
851	63
570	436
378	180
833	100
125	258
194	252
148	196
522	438
625	1
298	95
40	547
540	816
0	867
189	501
266	106
63	63
129	566
458	516
660	3
10	32
295	719
205	626
815	650
206	615
102	844
674	629
252	344
47	289
406	16
268	0
195	551
509	255
321	72
765	102
55	67
3	16
781	49
266	283
347	0
751	626
281	26
296	111
32	691
783	173
785	782
490	859
260	133
0	133
7	211
250	316
35	126
534	500
713	582
658	824
12	65
64	8
264	203
16	890
128	130
196	1
250	64
9	516
422	108
7	125
49	110
56	500
106	509
222	392
782	689
360	758
151	412
175	4
501	203
250	193
125	500
119	570
520	289
880	508
751	619
146	107
627	80
67	36
639	147
18	17
574	0
134	200
570	4
141	505
266	379
198	22
127	726
268	64
44	564
400	32
94	63
553	258
261	567
246	40
4	203
565	6
36	258
274	329
274	773
502	16
140	151
459	127
188	539
565	24
60	8
380	321
11	543
74	26
328	65
515	8
574	938
94	504
567	345
274	223
314	18
157	6
16	525
72	157
33	938
267	269
68	885
98	628
635	127
523	379
26	40
192	145
67	293
73	0
333	773
609	662
297	844
903	32
0	143
690	687
102	571
657	313
149	599
167	250
502	254
5	14
523	18
2	26
900	869
820	67
79	1
800	76
505	131
660	73
71	880
549	43
593	63
583	204
627	71
617	86
439	19
266	166
141	69
771	781
502	0
19	411
251	48
64	95
786	513
127	360
756	861
2	176
282	250
188	833
586	55
289	1
256	564
565	151
274	44
576	639
797	664
516	750
509	22
73	8
126	758
125	4
70	389
260	590
94	98
54	453
392	47
173	40
19	146
116	13
148	90
141	937
726	314
4	251
313	378
48	396
26	39
121	33
137	25
165	328
26	256
217	500
1	125
176	360
150	289
73	64
504	1
324	765
503	547
25	770
390	563
179	189
158	144
132	250
812	16
504	212
290	182
18	314
399	575
32	189
253	125
641	375
500	781
98	3
166	125
277	21
94	508
792	804
0	457
258	1
696	395
667	8
137	317
18	252
637	383
890	126
33	781
94	755
28	143
64	750
777	383
627	706
687	297
379	511
270	133
137	937
1	501
661	400
634	379
656	378
502	570
40	516
162	32
424	232
316	484
159	514
129	125
908	596
50	96
143	17
281	162
545	906
457	522
505	95
500	439
523	32
63	501
65	267
84	408
4	94
504	141
8	275
323	6
71	315
71	719
625	66
508	182
402	585
44	438
5	203
8	1
190	94
512	6
293	727
252	521
332	3
250	612
439	94
879	136
413	70
57	0
8	172
251	32
842	141
142	658
32	240
500	878
94	278
219	145
188	508
557	103
2	866
82	6
4	815
772	545
196	737
2	94
141	32
502	291
516	379
610	392
83	110
317	393
411	30
127	146
283	16
173	363
540	428
47	32
595	374
316	81
719	320
130	533
79	112
690	133
289	33
219	28
251	578
950	65
163	414
394	258
252	258
626	423
55	317
385	438
21	250
246	542
79	505
2	259
780	2
139	55
40	521
270	74
633	539
502	299
5	514
814	629
34	274
946	379
40	24
268	518
378	32
258	578
817	206
617	110
34	126
515	82
633	263
157	0
514	0
188	385
797	94
36	64
147	656
264	173
790	79
980	769
37	563
261	500
635	522
16	501
0	703
922	406
926	2
517	267
717	51
28	518
662	356
65	520
258	1
769	559
941	797
8	531
629	278
158	631
252	500
334	72
771	273
73	14
224	287
8	2
307	915
629	547
125	223
117	127
814	86
196	64
114	205
35	262
16	41
602	157
641	65
516	160
765	20
125	143
80	845
523	4
144	250
867	0
320	562
146	66
91	609
127	567
568	100
548	762
64	0
127	158
36	37
727	797
582	614
453	777
914	151
416	255
354	125
719	12
47	250
440	719
248	875
392	336
540	813
133	516
226	4
383	420
924	251
63	79
300	65
71	0
5	119
203	847
469	75
313	375
159	259
334	52
906	75
254	254
89	635
9	4
278	239
227	271
328	71
880	512
129	24
345	812
114	500
18	410
564	221
67	955
26	7
537	438
851	375
634	69
784	563
439	820
112	261
394	156
765	360
729	299
750	9
45	17
587	71
27	107
814	939
250	877
1	552
797	38
86	12
32	828
756	879
711	47
791	609
204	98
522	290
133	297
513	141
758	4
1	422
253	87
559	628
690	636
141	320
391	260
220	828
35	406
898	501
11	68
173	65
609	96
0	0
381	875
356	49
295	126
40	125
71	538
736	172
687	564
781	504
804	95
598	17
509	500
226	43
82	322
223	755
309	529
320	262
160	480
639	2
0	526
179	519
532	812
439	726
6	757
709	627
5	475
41	781
169	94
116	956
453	131
376	685
61	375
6	772
271	536
260	25
636	383
643	32
500	581
17	16
882	320
289	406
97	516
357	657
79	641
634	282
391	164
193	147
125	32
270	256
12	638
63	637
1	626
2	0
79	341
682	660
225	754
0	43
110	336
790	626
77	670
132	297
907	2
648	24
636	68
251	17
34	896
525	0
555	0
294	524
350	67
73	445
97	253
505	595
816	293
270	149
164	47
125	402
379	257
543	69
135	19
299	3
656	512
603	382
7	283
11	348
67	625
642	145
438	642
16	699
471	154
599	406
679	338
503	205
518	568
90	557
196	595
512	81
50	211
545	527
562	648
695	14
508	18
701	789
89	391
106	493
95	8
193	609
715	323
18	328
313	581
664	580
637	599
160	2
5	972
883	71
633	141
47	707
294	539
602	142
884	567
252	578
252	61
469	839
62	2
0	892
567	406
67	638
34	63
256	287
250	436
133	753
190	63
377	797
598	797
49	643
988	256
81	8
656	3
391	797
28	147
322	574
343	125
363	891
348	9
153	345
148	63
691	637
627	313
26	258
915	135
280	376
330	752
250	66
500	289
521	534
337	245
760	517
270	539
523	72
451	484
522	424
333	531
487	511
625	886
185	523
702	164
16	38
71	126
314	688
557	821
250	527
377	8
848	7
5	157
71	795
318	375
116	285
24	164
516	893
95	449
383	848
149	756
516	568
642	9
769	266
527	584
894	315
5	375
160	562
286	254
767	76
813	785
687	578
99	135
399	570
256	563
601	262
142	656
619	945
734	192
635	102
63	754
656	320
609	52
559	126
251	565
250	689
282	354
307	334
484	525
16	63
22	110
83	580
535	323
8	125
47	34
670	381
266	79
28	571
939	198
18	289
262	770
625	22
297	55
4	79
627	563
203	658
290	517
504	875
219	641
3	32
47	340
423	330
569	500
221	111
784	344
257	820
817	9
673	128
125	500
0	7
198	506
74	909
14	879
80	991
0	789
821	566
67	70
0	388
41	98
657	882
281	501
36	662
32	506
2	144
20	640
21	630
385	35
286	94
813	258
0	34
408	875
49	722
104	306
126	63
14	190
39	118
898	137
254	676
204	259
251	84
33	542
3	564
616	16
668	263
751	133
196	612
36	94
170	875
878	270
34	912
563	519
157	789
854	410
503	375
94	595
2	379
824	414
40	49
315	18
510	63
141	291
39	36
533	25
750	20
518	40
281	47
4	752
628	703
762	416
408	516
410	26
270	203
127	63
56	125
1	358
329	0
311	63
363	562
203	258
146	2
64	34
531	478
145	49
129	883
539	285
608	1
679	113
815	329
199	169
265	587
675	233
415	551
251	5
154	369
250	82
315	275
501	422
521	203
876	278
13	508
99	225
172	281
287	1
65	501
719	394
562	55
707	441
647	149
189	500
525	149
269	253
11	76
0	190
43	938
960	399
66	55
0	687
331	471
340	192
53	752
135	572
672	875
16	410
228	586
235	821
208	266
26	98
547	516
126	94
165	542
752	253
119	73
321	67
610	16
41	63
876	17
0	13
98	753
501	153
228	430
528	75
313	584
642	0
715	36
513	5
40	500
736	161
4	567
126	0
260	238
142	631
785	622
752	502
799	8
282	305
626	508
313	586
516	254
329	129
758	16
780	32
129	582
245	8
285	135
141	504
65	769
41	504
5	789
0	20
383	106
438	516
395	114
41	68
94	21
501	251
45	64
670	2
20	41
508	5
716	640
289	71
188	584
775	379
258	129
878	441
705	409
6	138
1	513
955	313
532	416
71	687
160	172
65	504
79	543
130	594
71	267
259	63
632	504
628	648
534	533
925	129
328	765
32	459
543	336
33	597
104	570
63	63
20	433
51	391
641	8
125	754
68	635
135	531
98	188
443	96
412	375
100	3
118	530
73	129
35	194
171	129
90	64
504	63
40	276
35	706
164	567
250	187
195	863
178	501
17	485
609	318
51	178
758	759
562	1
598	693
211	409
36	12
132	3
20	80
284	1
157	242
37	71
670	441
511	313
189	188
70	12
250	578
35	34
594	11
568	379
590	190
224	758
327	825
254	799
325	605
665	504
859	46
353	188
161	203
251	537
625	127
547	565
941	251
251	282
125	259
258	765
510	431
149	657
59	151
67	629
20	526
785	439
150	789
512	574
631	83
626	283
71	560
0	354
861	890
33	69
64	352
306	0
139	280
687	52
199	32
34	687
762	767
876	125
8	318
750	198
88	41
262	268
184	586
102	464
297	562
262	641
815	4
148	44
313	514
10	49
574	943
752	254
501	65
751	346
721	4
32	8
418	537
133	22
349	8
420	261
933	563
157	508
563	227
98	757
170	72
352	121
278	386
557	567
504	5
24	235
500	0
71	145
4	812
29	171
830	875
628	331
37	613
302	19
406	876
524	13
1	570
750	272
200	393
14	0
546	634
799	10
252	484
11	64
732	12
768	786
250	5
527	155
65	41
875	32
73	577
751	2
102	520
210	126
332	151
25	629
154	211
389	773
896	189
601	540
16	322
317	168
500	146
30	110
591	190
539	547
72	221
573	1
722	406
893	439
110	426
68	64
750	63
0	250
55	301
566	86
316	613
19	125
256	125
605	297
250	85
587	64
48	523
313	516
656	78
133	262
33	816
139	625
442	189
141	556
314	519
708	567
24	344
508	266
500	954
813	12
93	40
280	127
132	251
190	562
69	38
422	483
178	250
117	71
537	793
339	465
67	28
2	656
853	516
445	514
33	410
668	578
98	10
83	511
8	582
0	6
8	141
884	722
141	759
0	87
564	286
121	239
788	566
116	750
35	424
750	506
32	501
1	6
828	84
816	161
428	719
383	515
40	71
547	72
317	440
414	201
161	250
9	196
518	175
164	521
71	108
66	518
0	500
100	517
534	8
829	282
133	3
688	329
313	192
563	64
262	423
629	112
219	500
524	33
541	439
315	281
416	242
67	11
573	921
258	394
658	367
188	115
4	279
110	750
112	384
33	70
501	36
751	133
39	258
906	502
813	344
435	801
250	519
172	12
519	40
254	47
63	391
10	523
8	579
504	864
41	379
268	562
504	316
21	2
660	539
730	24
601	44
278	767
382	18
94	808
595	35
559	750
63	906
219	753
815	164
762	208
194	332
0	933
281	642
580	288
18	252
29	506
0	64
41	17
523	688
160	15
380	566
748	69
753	698
540	90
804	500
751	898
36	4
518	457
798	781
839	461
947	819
276	188
80	623
8	141
879	134
57	549
110	157
2	701
16	98
32	394
405	594
190	48
132	20
352	45
814	814
5	3
71	42
1	66
21	135
895	5
344	127
579	636
266	662
8	13
921	284
89	699
5	75
159	648
36	200
457	0
883	259
300	78
111	614
320	9
1	535
562	165
994	232
754	990
196	367
629	500
534	659
76	625
188	268
919	525
128	2
188	63
176	3
813	20
570	65
299	72
502	781
2	141
80	484
102	414
150	4
848	500
532	106
391	367
204	829
758	502
205	539
0	77
319	80
293	2
153	157
136	73
502	247
894	28
236	145
570	96
368	96
805	679
134	126
550	793
64	72
35	230
295	8
578	626
188	594
94	161
547	438
938	24
4	536
658	134
143	10
586	16
507	586
250	507
511	128
40	227
306	271
453	393
732	281
204	20
929	662
49	258
2	176
127	51
0	516
18	385
638	535
8	721
95	63
52	281
24	783
40	65
65	80
270	20
121	221
251	40
387	71
269	266
19	571
308	389
268	79
626	17
508	500
750	656
22	511
564	532
219	517
82	256
352	82
752	41
16	278
553	284
189	556
10	98
47	690
391	17
719	20
149	41
33	774
157	53
540	911
0	504
885	844
648	125
153	512
604	166
827	13
633	397
272	266
539	79
570	947
512	75
388	110
602	429
270	657
972	36
953	752
393	512
500	500
250	30
687	36
143	32
678	758
63	53
847	29
48	304
350	1
65	0
535	947
512	36
258	295
317	249
294	513
45	539
20	816
32	34
731	4
842	52
567	687
11	76
313	1
167	1
190	453
331	938
428	0
516	346
562	24
562	704
630	0
313	393
396	516
722	113
781	125
325	1
626	630
773	4
329	6
7	204
5	94
613	676
319	40
2	831
94	157
6	410
412	82
9	12
66	125
598	72
877	16
27	125
617	642
313	392
384	572
111	188
891	74
578	525
512	333
564	100
100	555
381	484
793	535
130	317
0	724
453	40
395	662
157	133
548	26
20	315
100	532
43	35
594	158
307	516
80	890
389	250
68	302
219	328
500	408
66	22
943	52
893	839
132	161
908	393
32	220
27	125
524	519
891	516
197	445
395	531
506	40
785	181
59	66
970	937
194	411
196	719
843	316
250	4
164	63
875	96
129	40
0	379
251	538
445	358
0	503
255	89
894	502
523	143
941	501
198	514
521	88
163	72
634	322
278	204
32	88
519	500
0	548
75	450
529	0
36	320
126	957
518	281
79	1
8	88
110	87
756	570
17	536
907	789
613	559
18	523
480	789
595	352
157	125
125	188
292	33
151	252
4	143
134	316
821	198
532	508
9	626
94	71
252	354
380	595
254	265
355	303
130	697
30	832
71	735
562	5
6	32
750	363
39	63
9	456
139	875
758	543
674	200
559	270
2	811
779	259
33	162
785	160
500	532
364	510
79	188
272	503
403	300
603	122
410	120
336	285
509	160
92	250
628	531
312	63
540	137
32	33
627	257
236	328
33	70
132	935
651	593
0	16
100	80
36	12
40	430
385	472
127	551
291	510
188	517
1	589
125	257
254	392
63	257
500	189
47	219
106	344
689	827
692	9
67	63
612	188
125	908
392	922
153	252
0	415
268	956
262	882
753	116
514	625
195	25
349	251
704	250
399	14
47	656
40	1
203	11
268	125
10	142
318	388
189	43
528	216
755	564
198	16
98	33
660	10
562	507
574	875
477	558
125	516
130	906
864	625
640	8
40	26
695	22
861	14
188	753
332	509
812	63
815	562
615	520
257	215
75	313
332	735
248	172
145	172
18	317
225	551
0	0
545	353
502	438
110	166
102	385
951	299
348	502
34	219
406	283
330	352
841	254
94	63
63	1
173	344
655	824
260	617
80	573
888	804
250	2
879	453
293	72
4	262
484	3
3	63
252	947
266	700
80	80
2	266
937	173
129	110
17	57
505	32
67	690
250	317
197	508
281	526
508	399
767	689
0	566
126	382
250	32
504	137
925	418
524	94
519	631
101	812
938	2
16	72
76	320
81	67
754	526
750	251
333	28
812	800
77	32
250	502
610	726
320	127
297	521
886	432
157	500
141	399
354	269
126	22
158	59
480	285
35	194
406	293
143	315
268	40
252	126
86	25
0	503
191	66
781	313
40	194
134	32
173	56
506	64
752	501
532	259
24	83
360	43
765	53
412	438
17	188
68	648
190	40
168	673
281	469
65	20
141	0
38	16
254	70
562	193
1	240
557	260
102	49
3	173
194	141
129	68
817	407
133	0
645	268
24	131
783	648
0	713
17	36
430	367
667	752
197	322
159	894
984	67
319	34
35	203
129	94
119	845
376	166
67	504
219	517
269	253
0	106
27	149
579	127
126	126
553	530
300	222
564	65
766	49
17	143
24	726
505	501
13	503
132	32
150	99
504	711
668	695
438	26
720	220
721	73
254	285
314	619
612	99
599	566
4	785
281	804
380	414
565	63
348	875
197	574
256	509
547	628
26	94
375	130
562	609
164	98
505	71
817	157
289	527
406	0
639	101
188	261
2	229
333	555
508	203
208	274
63	63
517	184
790	519
299	638
324	270
138	264
862	2
894	633
168	522
191	17
33	335
594	344
129	11
65	332
595	64
385	525
43	94
238	172
88	289
0	812
182	769
532	679
281	322
927	292
415	302
470	141
563	340
884	66
125	698
80	285
164	450
782	670
57	625
22	859
67	63
32	763
562	12
138	162
377	512
508	332
916	8
2	721
12	937
250	289
190	82
94	507
592	94
236	603
317	277
596	252
518	729
45	634
508	300
807	4
80	652
33	44
125	379
364	681
256	336
17	157
571	17
581	262
469	367
383	161
72	280
446	135
4	559
3	594
188	22
523	260
203	16
931	49
527	350
4	82
770	16
875	159
363	563
634	603
2	64
24	528
736	6
289	125
40	352
21	158
734	669
348	16
283	454
439	500
125	453
444	536
502	142
308	0
621	508
251	656
100	507
531	129
340	47
801	570
164	691
5	8
665	63
42	328
32	687
504	610
393	188
504	408
704	63
94	422
118	21
414	508
546	500
756	501
250	815
32	236
76	66
65	16
269	504
505	565
329	782
842	632
110	17
877	502
445	130
21	910
125	4
244	127
48	470
272	563
674	533
339	498
797	547
64	200
750	63
475	503
79	377
880	0
720	127
323	508
229	324
694	752
864	945
469	629
188	141
323	344
538	32
782	113
182	96
958	352
867	32
126	541
18	523
10	544
455	631
397	593
189	33
579	4
0	227
188	707
502	94
260	137
753	376
33	134
649	789
132	290
176	6
18	281
47	63
755	882
64	434
314	851
250	48
1	675
320	269
1	252
500	203
130	221
932	502
770	39
526	32
85	214
569	68
159	250
274	228
627	32
16	242
142	274
832	526
65	518
535	277
806	125
297	387
133	691
207	28
291	30
504	71
423	522
341	516
16	950
360	5
643	145
632	569
235	81
626	18
268	129
39	157
160	383
360	256
631	376
225	126
259	295
539	16
126	352
113	594
220	360
2	290
775	4
271	132
549	20
509	375
33	174
307	38
654	798
532	45
235	127
564	240
894	40
204	788
654	75
33	250
129	293
29	795
504	534
190	0
752	706
63	18
668	504
43	145
78	133
384	763
63	567
6	59
0	411
113	199
317	970
812	705
877	77
283	188
250	7
79	298
516	315
511	321
506	129
976	32
17	563
10	348
823	946
540	480
527	5
585	203
2	3
784	894
55	557
128	376
125	501
875	946
267	67
562	63
0	396
17	46
157	111
688	42
627	9
51	531
14	589
288	2
441	8
583	71
2	320
687	414
283	32
937	35
10	251
519	8
3	0
84	274
585	80
585	346
4	38
518	502
28	3
879	126
29	565
569	531
250	331
473	266
488	37
0	2
250	320
32	134
73	521
33	546
615	133
848	0
671	254
114	30
30	626
0	937
99	368
500	20
258	169
812	34
125	414
71	446
5	21
20	36
287	254
189	258
469	70
815	759
949	537
286	384
65	196
48	504
761	402
508	750
96	489
291	503
64	160
583	40
6	139
756	24
147	125
517	20
8	201
363	266
514	73
754	489
141	133
264	67
375	775
158	371
527	125
519	625
515	289
381	563
160	60
524	234
2	33
500	139
688	443
627	328
352	102
261	197
546	263
625	570
211	512
859	188
281	129
545	6
828	52
599	549
1	519
289	145
69	260
400	425
72	21
133	128
133	24
751	21
22	648
0	197
32	563
692	688
432	227
63	400
187	877
846	526
307	577
21	125
598	321
1	75
943	765
103	316
416	394
387	131
131	129
36	79
254	262
918	180
563	654
533	133
652	0
315	223
201	147
752	63
516	271
80	163
414	674
690	549
71	256
73	141
516	149
149	526
664	327
80	158
64	86
146	516
261	33
925	781
66	43
605	384
1	24
806	3
16	70
64	0
41	657
340	813
313	640
818	291
503	816
821	88
79	380
324	275
0	499
407	63
1	86
555	386
876	503
135	40
107	32
50	363
504	637
672	250
627	99
315	729
570	500
773	520
516	255
94	260
500	367
95	66
221	240
510	34
449	49
996	600
265	625
843	67
2	293
377	536
253	79
599	438
130	570
250	113
125	719
86	172
562	522
783	155
70	562
151	549
293	579
5	406
7	38
640	375
627	320
157	8
500	722
609	37
375	287
63	94
810	527
170	854
8	262
602	256
1	277
336	402
579	127
71	964
847	137
20	33
1	298
1	438
334	633
643	66
360	28
302	55
313	63
149	831
774	250
5	95
516	40
125	82
755	626
839	79
227	4
776	687
584	520
502	845
799	114
627	333
104	8
50	818
83	287
178	189
691	201
265	110
176	165
136	182
71	535
336	80
348	821
143	517
377	21
96	826
306	145
10	500
689	500
563	0
379	380
96	658
261	73
192	153
564	295
40	240
518	188
3	8
899	0
6	0
897	563
502	256
165	539
500	289
75	157
71	2
570	69
501	63
82	4
18	0
751	879
594	344
172	227
34	10
55	848
287	769
414	565
76	194
110	142
283	190
500	287
16	649
324	480
610	125
640	728
203	508
639	116
579	73
759	44
528	70
281	17
899	658
69	344
190	455
251	566
695	607
14	574
19	104
549	272
18	518
760	125
88	752
141	297
100	448
286	0
140	473
22	53
201	252
750	816
505	678
322	291
130	328
7	141
21	75
689	0
125	562
32	256
0	813
504	380
99	296
151	126
132	504
90	625
375	523
2	103
252	72
159	5
317	22
495	63
502	6
72	719
0	319
69	545
6	9
256	522
123	8
501	563
320	275
313	19
9	10
305	388
126	39
41	775
36	272
796	833
189	157
266	313
26	55
79	563
563	125
125	504
64	16
724	80
446	63
274	63
262	0
90	500
582	103
16	930
328	139
8	313
157	149
130	644
634	65
99	503
640	95
94	10
9	570
661	165
276	126
38	230
838	174
504	127
52	14
190	258
252	635
73	137
562	470
345	408
147	40
157	18
500	71
330	533
125	609
353	44
219	254
354	557
626	834
399	562
594	0
10	517
225	25
141	92
781	324
750	125
67	6
777	135
49	96
126	525
1	547
547	877
379	512
352	180
2	453
6	309
252	25
206	3
324	64
268	506
254	787
167	55
973	953
611	503
0	899
188	533
188	280
127	438
393	547
500	670
26	37
47	131
126	898
719	578
834	328
157	221
597	0
268	65
814	235
184	625
781	144
627	330
629	290
14	812
65	375
40	161
727	751
47	159
429	517
255	157
683	191
265	3
771	641
1	158
484	40
250	579
532	672
4	503
570	84
501	373
37	194
17	260
328	532
33	143
548	34
395	65
84	820
33	8
194	32
149	3
553	450
5	536
160	648
251	516
407	676
647	158
4	844
590	646
831	79
17	141
328	256
375	631
877	188
320	40
260	7
610	752
63	508
133	55
273	219
140	80
506	921
3	586
18	346
250	89
427	284
529	6
915	126
164	59
381	20
8	157
5	3
76	812
266	245
360	281
510	14
74	954
500	138
237	18
521	77
689	34
15	50
535	268
268	73
500	63
412	696
252	56
501	2
291	301
626	144
22	49
97	113
71	316
254	327
524	78
539	128
657	2
29	64
752	84
502	128
49	33
957	133
566	255
509	700
384	318
285	563
257	94
559	191
657	531
150	4
441	392
140	283
805	514
4	0
72	17
236	695
504	558
510	10
125	766
69	416
203	649
79	224
538	350
283	59
8	813
750	133
33	125
255	877
767	42
118	266
102	692
264	957
287	0
103	522
4	448
114	541
855	659
815	252
286	332
750	255
32	1
295	446
533	137
93	9
322	8
19	258
641	519
587	645
23	594
153	18
397	352
51	681
387	305
503	80
888	543
275	500
890	500
262	278
90	13
0	192
76	385
446	384
658	510
252	16
448	634
750	758
160	821
898	625
465	3
508	17
235	64
173	40
375	203
317	252
557	63
161	758
98	63
258	125
377	8
162	406
68	629
73	157
2	39
32	291
880	362
16	16
125	49
95	10
250	220
375	2
579	116
2	251
291	551
471	851
80	40
4	6
531	96
184	1
38	88
80	650
775	266
63	876
383	232
40	0
13	516
959	2
196	95
158	621
2	25
686	7
50	399
568	129
915	290
756	48
782	573
0	128
387	916
360	279
785	270
34	637
785	315
112	518
385	520
500	538
494	505
645	804
12	30
96	157
33	313
16	758
7	161
231	125
82	126
32	95
533	98
264	126
8	139
2	8
376	268
567	173
68	625
4	98
63	4
539	500
532	32
314	812
207	104
834	875
20	71
756	369
107	47
129	79
48	69
56	125
281	775
23	79
299	230
65	501
1	640
282	353
88	1
79	416
269	149
435	51
32	83
1	430
517	533
201	229
125	570
10	127
181	34
845	769
125	959
71	281
393	4
17	8
625	157
111	805
563	573
407	129
16	5
763	788
276	33
32	32
781	250
216	342
157	130
9	799
633	190
406	703
17	789
3	15
0	1
47	461
282	53
317	32
563	440
132	66
96	24
44	3
21	12
21	382
25	63
153	878
531	564
126	504
0	152
564	978
892	578
2	479
301	90
129	22
879	751
274	879
501	252
534	191
19	38
160	266
862	4
45	141
519	551
775	573
525	174
205	690
343	556
532	4
254	555
24	619
254	568
155	251
2	859
64	505
763	252
71	583
258	372
274	504
281	500
830	79
160	603
16	375
149	65
633	789
63	2
559	658
271	517
395	215
577	420
385	133
328	137
90	313
125	99
48	141
758	69
254	812
691	564
73	1
300	6
137	656
102	0
106	159
643	11
13	2
911	656
868	262
137	938
129	32
557	161
633	343
200	2
55	466
256	211
105	977
528	691
643	80
10	875
252	98
139	317
850	769
396	250
16	211
256	635
0	125
501	369
292	828
150	332
317	151
36	502
252	790
644	16
258	188
267	291
260	344
469	98
36	251
754	564
564	516
509	5
43	8
316	503
188	375
625	771
927	575
323	281
532	20
316	34
340	258
258	657
227	12
970	260
584	270
526	535
813	598
175	35
789	8
512	283
275	80
53	10
252	753
658	108
293	0
16	94
12	35
285	32
666	10
193	968
863	580
425	564
24	112
328	126
63	585
672	231
258	264
20	285
281	2
193	672
281	260
761	94
266	646
110	182
410	239
320	20
104	14
63	385
582	67
527	173
825	158
391	1
125	563
340	328
699	678
170	32
262	261
293	126
8	751
91	286
63	150
296	49
541	642
157	65
267	678
573	65
306	8
16	220
80	689
567	570
367	297
921	8
377	779
17	880
116	125
829	68
906	633
331	589
377	508
1	0
5	8
2	69
0	785
460	242
160	189
502	157
599	297
158	14
411	531
67	587
190	96
508	584
547	759
784	270
566	569
123	56
163	43
208	536
610	0
625	14
250	625
750	882
381	164
462	34
438	196
520	318
453	39
765	4
3	94
381	347
765	73
938	75
658	71
863	583
196	640
7	392
0	153
28	531
773	91
95	129
639	92
253	16
596	636
9	0
638	65
566	211
539	500
239	220
570	402
291	531
550	945
502	3
16	4
504	284
3	281
94	116
1	360
391	750
759	125
400	407
223	275
323	2
376	508
376	892
23	159
194	266
251	0
63	63
664	131
383	656
349	656
324	344
250	17
882	6
220	508
502	705
687	532
879	7
67	274
254	765
10	35
203	535
40	0
253	236
541	74
759	516
820	323
1	254
242	0
43	524
626	268
0	532
32	315
252	32
26	416
79	773
69	24
16	707
286	41
189	879
117	116
18	519
348	125
270	105
609	821
514	206
9	34
0	0
235	26
877	317
91	5
434	754
376	315
0	250
94	182
687	5
227	595
509	824
125	324
1	20
531	623
106	43
313	758
660	535
500	695
102	328
537	16
345	301
63	438
565	313
574	51
41	890
503	278
635	26
583	331
330	455
630	133
315	142
169	225
291	812
8	410
883	71
272	948
64	136
906	125
562	250
758	861
508	34
16	82
780	562
875	67
